Name: Jordan Feeley        Section: C05
Name: Sai Kiran Vadlamudi  Section: C05

| Source: Arrival Time | All Mules: All Arrival Times | Receiver: Arrival Time


Time: 0
  0  1  2  3  4  5  6  7  8  9 10 11 12 13 14 15 16 17 18 19 20 21 22 23 24 25 26 27 28 29 30 31 32 33 34 35 36 37
----------------------------------------------------------------------------------------------------------------------
|   | 28                                                                                                         |   |   0
|  4|                                                                      33                                    |   |   1
| 10|             32                                                                                             | 46|   2
|   |                                                                                                            |   |   3
| 11|                                                                                                            |   |   4
|   |                                                                                                            |   |   5
|   |                                        36                                                                  |   |   6
|  7|                                                                                                            | 47|   7
|   |                                                                                                            |   |   8
|   |                                                                                                            |   |   9
| 12|                                                 35                                                         |   |  10
|  1|                                                                                                            | 42|  11
|  9|                                                                                                            |   |  12
|   |                                                                                                            |   |  13
| 17|                                  23                                                       31               |   |  14
| 13|                                                                                                            |   |  15
|  3|                                                 27                                                         | 45|  16
|   |                26                                                                                          |   |  17
| 20|                                                                                                            |   |  18
|   |                   24                                                                                       |   |  19
| 15|                                                          21                                                |   |  20
|   |                                                                                                            |   |  21
|   |          25                                                                                                |   |  22
|   |                                                                                                            |   |  23
|   |                                                                                                            |   |  24
| 16|                                                                                                            |   |  25
|   |                                                                                                            | 48|  26
|   |                                                                                                            | 43|  27
|   |                                                                                                            |   |  28
| 19|                                                                                                            |   |  29
| 18|                                        29                                                                  | 37|  30
|  2|                      34       22                                                                           | 40|  31
|   |                                                                                                            |   |  32
|  8|                      30                                                                                    |   |  33
| 14|                                                                                                            | 44|  34
|   |                                                                                                            |   |  35
----------------------------------------------------------------------------------------------------------------------


Time: 10
  0  1  2  3  4  5  6  7  8  9 10 11 12 13 14 15 16 17 18 19 20 21 22 23 24 25 26 27 28 29 30 31 32 33 34 35 36 37
----------------------------------------------------------------------------------------------------------------------
|   |                                                                      33                                    |   |   0
|  4| 28                                                                                                         |   |   1
| 10|                32                                                                                          | 46|   2
|   |                                                                                                            |   |   3
| 11|                                                                                                            |   |   4
|   |                                                                                                            |   |   5
|   |                                           36                                                               |   |   6
|  7|                                                                                                            | 47|   7
|   |                                                                                                            |   |   8
|   |                                                 35                                                         |   |   9
| 12|                                                                                                            |   |  10
|  1|                                                                                                            | 42|  11
|  9|                                                                                                            |   |  12
|   |                                  23                                                                        |   |  13
| 17|                                                                                        31                  |   |  14
| 13|                                                 27                                                         |   |  15
|  3|                26                                                                                          | 45|  16
|   |                                                                                                            |   |  17
| 20|                   24                                                                                       |   |  18
|   |                                                                                                            |   |  19
| 15|                                                       21                                                   |   |  20
|   |                                                                                                            |   |  21
|   |             25                                                                                             |   |  22
|   |                                                                                                            |   |  23
|   |                                                                                                            |   |  24
| 16|                                                                                                            |   |  25
|   |                                                                                                            | 48|  26
|   |                                                                                                            | 43|  27
|   |                                                                                                            |   |  28
| 19|                                        29                                                                  |   |  29
| 18|                               22                                                                           | 37|  30
|  2|                         34                                                                                 | 40|  31
|   |                                                                                                            |   |  32
|  8|                   30                                                                                       |   |  33
| 14|                                                                                                            | 44|  34
|   |                                                                                                            |   |  35
----------------------------------------------------------------------------------------------------------------------

| 1: 0.00 | 21: 6.00 | 25: 11.00 | 37: 17.00 |
| 1: 1.00 | 21: 7.00 | 25: 12.00 | 37: 19.00 |
| 1: 2.00 | 21: 8.00 | 25: 13.00 | 37: 20.00 |
| 1: 3.00 | 21: 9.00 | 25: 14.00 | 37: 22.00 |
| 1: 4.00 | 21: 10.00 | 25: 15.00 | 37: 23.00 |
| 1: 5.00 | 21: 11.00 | 25: 17.00 | 37: 25.00 |

Time: 20
  0  1  2  3  4  5  6  7  8  9 10 11 12 13 14 15 16 17 18 19 20 21 22 23 24 25 26 27 28 29 30 31 32 33 34 35 36 37
----------------------------------------------------------------------------------------------------------------------
|   |                                                                                                            |   |   0
|  4|                                                                      33                                    |   |   1
| 10| 28                32                                                                                       | 46|   2
|   |                                                                                                            |   |   3
| 11|                                                                                                            |   |   4
|   |                                                                                                            |   |   5
|   |                                              36                                                            |   |   6
|  7|                                                                                                            | 47|   7
|   |                                                 35                                                         |   |   8
|   |                                                                                                            |   |   9
| 12|                                                                                                            |   |  10
|  1|                                                                                                            | 42|  11
|  9|                                  23                                                                        |   |  12
|   |                                                                                                            |   |  13
| 17|                                                 27                                  31                     |   |  14
| 13|                26                                                                                          |   |  15
|  3|                                                                                                            | 45|  16
|   |                   24                                                                                       |   |  17
| 20|                                                                                                            |   |  18
|   |                                                                                                            |   |  19
| 15|                                                    21                                                      |   |  20
|   |                                                                                                            |   |  21
|   |                25                                                                                          |   |  22
|   |                                                                                                            |   |  23
|   |                                                                                                            |   |  24
| 16|                                                                                                            |   |  25
|   |                                                                                                            | 48|  26
|   |                                                                                                            | 43|  27
|   |                                        29                                                                  |   |  28
| 19|                               22                                                                           |   |  29
| 18|                                                                                                            | 37|  30
|  2|                            34                                                                              | 40|  31
|   |                                                                                                            |   |  32
|  8|                30                                                                                          |   |  33
| 14|                                                                                                            | 44|  34
|   |                                                                                                            |   |  35
----------------------------------------------------------------------------------------------------------------------

| 1: 6.00 | 21: 12.00 | 25: 19.00 | 37: 27.00 |
| 1: 7.00 | 21: 13.00 | 25: 20.00 | 37: 29.00 |
| 1: 8.00 | 21: 14.00 | 25: 22.00 | 37: 31.00 |
| 7: 1.00 | 35: 7.00 | 36: 10.00 | 22: 17.00 | 30: 23.00 | 43: 30.00 |
| 1: 9.00 | 21: 15.00 | 25: 24.00 | 37: 33.00 |
| 1: 10.00 | 21: 16.00 | 25: 25.00 | 37: 34.00 |
| 1: 11.00 | 21: 17.00 | 25: 27.00 | 37: 36.00 |
| 7: 2.00 | 35: 8.00 | 36: 11.00 | 22: 20.00 | 30: 27.00 | 43: 35.00 |

Time: 30
  0  1  2  3  4  5  6  7  8  9 10 11 12 13 14 15 16 17 18 19 20 21 22 23 24 25 26 27 28 29 30 31 32 33 34 35 36 37
----------------------------------------------------------------------------------------------------------------------
|   |                                                                                                            |   |   0
|  4|                                                                                                            |   |   1
| 10|                      32                                              33                                    | 46|   2
|   | 28                                                                                                         |   |   3
| 11|                                                                                                            |   |   4
|   |                                                                                                            |   |   5
|   |                                                 36                                                         |   |   6
|  7|                                                 35                                                         | 47|   7
|   |                                                                                                            |   |   8
|   |                                                                                                            |   |   9
| 12|                                                                                                            |   |  10
|  1|                                  23                                                                        | 42|  11
|  9|                                                                                                            |   |  12
|   |                                                 27                                                         |   |  13
| 17|                26                                                                31                        |   |  14
| 13|                                                                                                            |   |  15
|  3|                   24                                                                                       | 45|  16
|   |                                                                                                            |   |  17
| 20|                                                                                                            |   |  18
|   |                                                                                                            |   |  19
| 15|                                                 21                                                         |   |  20
|   |                                                                                                            |   |  21
|   |                   25                                                                                       |   |  22
|   |                                                                                                            |   |  23
|   |                                                                                                            |   |  24
| 16|                                                                                                            |   |  25
|   |                                                                                                            | 48|  26
|   |                                        29                                                                  | 43|  27
|   |                               22                                                                           |   |  28
| 19|                                                                                                            |   |  29
| 18|                                                                                                            | 37|  30
|  2|                               34                                                                           | 40|  31
|   |                                                                                                            |   |  32
|  8|             30                                                                                             |   |  33
| 14|                                                                                                            | 44|  34
|   |                                                                                                            |   |  35
----------------------------------------------------------------------------------------------------------------------

| 7: 3.00 | 35: 9.00 | 36: 12.00 | 22: 22.00 | 30: 29.00 | 43: 39.00 |

Time: 40
  0  1  2  3  4  5  6  7  8  9 10 11 12 13 14 15 16 17 18 19 20 21 22 23 24 25 26 27 28 29 30 31 32 33 34 35 36 37
----------------------------------------------------------------------------------------------------------------------
|   |                                                                                                            |   |   0
|  4|                                                                                                            |   |   1
| 10|                         32                                                                                 | 46|   2
|   |                                                                      33                                    |   |   3
| 11| 28                                                                                                         |   |   4
|   |                                                 35                                                         |   |   5
|   |                                                    36                                                      |   |   6
|  7|                                                                                                            | 47|   7
|   |                                                                                                            |   |   8
|   |                                                                                                            |   |   9
| 12|                                  23                                                                        |   |  10
|  1|                                                                                                            | 42|  11
|  9|                                                 27                                                         |   |  12
|   |                26                                                                                          |   |  13
| 17|                                                                               31                           |   |  14
| 13|                   24                                                                                       |   |  15
|  3|                                                                                                            | 45|  16
|   |                                                                                                            |   |  17
| 20|                                                                                                            |   |  18
|   |                                                                                                            |   |  19
| 15|                                              21                                                            |   |  20
|   |                                                                                                            |   |  21
|   |                      25                                                                                    |   |  22
|   |                                                                                                            |   |  23
|   |                                                                                                            |   |  24
| 16|                                                                                                            |   |  25
|   |                                        29                                                                  | 48|  26
|   |                               22                                                                           | 43|  27
|   |                                                                                                            |   |  28
| 19|                                                                                                            |   |  29
| 18|                                                                                                            | 37|  30
|  2|                                  34                                                                        | 40|  31
|   |                                                                                                            |   |  32
|  8|          30                                                                                                |   |  33
| 14|                                                                                                            | 44|  34
|   |                                                                                                            |   |  35
----------------------------------------------------------------------------------------------------------------------

| 14: 33.00 | 27: 39.00 | 47: 46.00 |
| 7: 4.00 | 35: 10.00 | 36: 13.00 | 22: 26.00 | 30: 37.00 | 43: 48.00 |
| 14: 34.00 | 27: 40.00 | 47: 47.00 |
| 14: 35.00 | 27: 41.00 | 47: 49.00 |
| 7: 5.00 | 35: 11.00 | 36: 13.00 | 22: 27.00 | 30: 39.00 | 43: 51.00 |
| 14: 36.00 | 27: 42.00 | 47: 50.00 |
| 14: 37.00 | 27: 43.00 | 47: 51.00 |
| 14: 38.00 | 27: 44.00 | 47: 53.00 |
| 14: 39.00 | 27: 45.00 | 47: 55.00 |

Time: 50
  0  1  2  3  4  5  6  7  8  9 10 11 12 13 14 15 16 17 18 19 20 21 22 23 24 25 26 27 28 29 30 31 32 33 34 35 36 37
----------------------------------------------------------------------------------------------------------------------
|   |                                                                                                            |   |   0
|  4|                                                                                                            |   |   1
| 10|                            32                                                                              | 46|   2
|   |                                                                                                            |   |   3
| 11|                                                 35                   33                                    |   |   4
|   | 28                                                                                                         |   |   5
|   |                                                       36                                                   |   |   6
|  7|                                                                                                            | 47|   7
|   |                                                                                                            |   |   8
|   |                                  23                                                                        |   |   9
| 12|                                                                                                            |   |  10
|  1|                                                 27                                                         | 42|  11
|  9|                26                                                                                          |   |  12
|   |                                                                                                            |   |  13
| 17|                   24                                                       31                              |   |  14
| 13|                                                                                                            |   |  15
|  3|                                                                                                            | 45|  16
|   |                                                                                                            |   |  17
| 20|                                                                                                            |   |  18
|   |                                                                                                            |   |  19
| 15|                                           21                                                               |   |  20
|   |                                                                                                            |   |  21
|   |                         25                                                                                 |   |  22
|   |                                                                                                            |   |  23
|   |                                                                                                            |   |  24
| 16|                               