----------------------------------------------------------------------------------------------------
|  1|                                                                                          | 45|
|  2|                                                             27                           | 46|
|  3|                                                                   39                     | 47|
|  4|                                                                                          | 48|
|  5|                                                                                          | 49|
|  6|                                                                                          | 50|
|  7|                         21                   34                                     38   | 51|
|  8|                                                    30                                    | 52|
|  9|                42 28                                                                     | 53|
| 10|                                                                                          | 54|
| 11|                40                                                                        |   |
| 12|                                                 44                               23      |   |
| 13|                                                                                          |   |
| 14|                                                                                          |   |
| 15|                                                                                          |   |
| 16|                                                    31 33       25                        |   |
| 17|                                              24          35                              |   |
| 18|                                                                                          |   |
| 19|                            41                                                            |   |
| 20|          36                                                                              |   |
|   |                                                                                          |   |
|   |                            26                                                            |   |
|   |                                                                                          |   |
|   |                         43                               37                              |   |
|   |                   29                                                                     |   |
|   |                                                       32                                 |   |
|   |                                                                         22               |   |
|   |                                                                                          |   |
|   |                                                                                          |   |
|   |                                                                                          |   |
----------------------------------------------------------------------------------------------------

----------------------------------------------------------------------------------------------------
|  1|                                                                                          | 45|
|  2|                                                          27       39                     | 46|
|  3|                                                                                          | 47|
|  4|                                                                                          | 48|
|  5|                                                                                          | 49|
|  6|                                                                                          | 50|
|  7|                            21             34       30                                  38| 51|
|  8|                                                                                          | 52|
|  9|                   42 28                                                                  | 53|
| 10|                                                                                          | 54|
| 11|             40                                                                   23      |   |
| 12|                                              44                                          |   |
| 13|                                                                                          |   |
| 14|                                                                                          |   |
| 15|                                                                25                        |   |
| 16|                                              24 31 33                                    |   |
| 17|                                                       35                                 |   |
| 18|                                                                                          |   |
| 19|          36                   41                                                         |   |
| 20|                                                                                          |   |
|   |                                                                                          |   |
|   |                         26                                                               |   |
|   |                                                                                          |   |
|   |                      43                                     37                           |   |
|   |                29                                                                        |   |
|   |                                                    32                   22               |   |
|   |                                                                                          |   |
|   |                                                                                          |   |
|   |                                                                                          |   |
|   |                                                                                          |   |
----------------------------------------------------------------------------------------------------

----------------------------------------------------------------------------------------------------
|  1|                                                                   39                     | 45|
|  2|                                                       27                                 | 46|
|  3|                                                                                          | 47|
|  4|                                                                                          | 48|
|  5|                                                                                          | 49|
|  6|                                                    30                                    | 50|
|  7|                               21       34                                           38   | 51|
|  8|                                                                                          | 52|
|  9|                      42 28                                                               | 53|
| 10|                                                                                  23      | 54|
| 11|          40                                                                              |   |
| 12|                                           44                                             |   |
| 13|                                                                                          |   |
| 14|                                                                25                        |   |
| 15|                                              24                                          |   |
| 16|                                              31 33                                       |   |
| 17|                                                    35                                    |   |
| 18|          36                                                                              |   |
| 19|                                  41                                                      |   |
| 20|                                                                                          |   |
|   |                                                                                          |   |
|   |                      26                                                                  |   |
|   |                                                                                          |   |
|   |                   43                                           37                        |   |
|   |             29                                                          22               |   |
|   |                                                 32                                       |   |
|   |                                                                                          |   |
|   |                                                                                          |   |
|   |                                                                                          |   |
|   |                                                                                          |   |
----------------------------------------------------------------------------------------------------

----------------------------------------------------------------------------------------------------
|  1|                                                                                          | 45|
|  2|                                                    27             39                     | 46|
|  3|                                                                                          | 47|
|  4|                                                                                          | 48|
|  5|                                                    30                                    | 49|
|  6|                                                                                          | 50|
|  7|                                  21 34                                           38      | 51|
|  8|                                                                                          | 52|
|  9|                         42 28                                                    23      | 53|
| 10|                                                                                          | 54|
| 11|       40                                                                                 |   |
| 12|                                        44                                                |   |
| 13|                                                                25                        |   |
| 14|                                              24                                          |   |
| 15|                                                                                          |   |
| 16|                                           31 33                                          |   |
| 17|          36                                     35                                       |   |
| 18|                                                                                          |   |
| 19|                                     41                                                   |   |
| 20|                                                                                          |   |
|   |                                                                                          |   |
|   |                   26                                                                     |   |
|   |                                                                                          |   |
|   |                43                                                 37    22               |   |
|   |          29                                                                              |   |
|   |                                              32                                          |   |
|   |                                                                                          |   |
|   |                                                                                          |   |
|   |                                                                                          |   |
|   |                                                                                          |   |
----------------------------------------------------------------------------------------------------

----------------------------------------------------------------------------------------------------
|  1|                                                                                          | 45|
|  2|                                                 27                                       | 46|
|  3|                                                                   39                     | 47|
|  4|                                                    30                                    | 48|
|  5|                                                                                          | 49|
|  6|                                                                                          | 50|
|  7|                                  34    21                                     38         | 51|
|  8|                                                                                  23      | 52|
|  9|                            42 28                                                         | 53|
| 10|                                                                                          | 54|
| 11|    40                                                                                    |   |
| 12|                                     44                         25                        |   |
| 13|                                              24                                          |   |
| 14|                                                                                          |   |
| 15|                                                                                          |   |
| 16|          36                            31 33                                             |   |
| 17|                                              35                                          |   |
| 18|                                                                                          |   |
| 19|                                        41                                                |   |
| 20|                                                                                          |   |
|   |                                                                                          |   |
|   |                26                                                                        |   |
|   |                                                                         22               |   |
|   |             43                                                       37                  |   |
|   |       29                                                                                 |   |
|   |                                           32                                             |   |
|   |                                                                                          |   |
|   |                                                                                          |   |
|   |                                                                                          |   |
|   |                                                                                          |   |
----------------------------------------------------------------------------------------------------

----------------------------------------------------------------------------------------------------
|  1|                                                                                          | 45|
|  2|                                              27                                          | 46|
|  3|                                                    30                                    | 47|
|  4|                                                                   39                     | 48|
|  5|                                                                                          | 49|
|  6|                                                                                          | 50|
|  7|                               34          21                               38    23      | 51|
|  8|                                                                                          | 52|
|  9|                               42 28                                                      | 53|
| 10|                                                                                          | 54|
| 11| 40                                                             25                        |   |
| 12|                                  44          24                                          |   |
| 13|                                                                                          |   |
| 14|                                                                                          |   |
| 15|          36                                                                              |   |
| 16|                                     31 33                                                |   |
| 17|                                           35                                             |   |
| 18|                                                                                          |   |
| 19|                                           41                                             |   |
| 20|                                                                                          |   |
|   |                                                                                          |   |
|   |             26                                                          22               |   |
|   |                                                                                          |   |
|   |          43                                                             37               |   |
|   |    29                                                                                    |   |
|   |                                        32                                                |   |
|   |                                                                                          |   |
|   |                                                                                          |   |
|   |                                                                                          |   |
|   |                                                                                          |   |
----------------------------------------------------------------------------------------------------

|4|42.00|47.00|53.00|52|
|4|44.00|49.00|55.00|52|
|4|46.00|51.00|57.00|52|
|4|48.00|53.00|59.00|52|
----------------------------------------------------------------------------------------------------
|  1|                                                                                          | 45|
|  2|                                           27       30                                    | 46|
|  3|                                                                                          | 47|
|  4|                                                                                          | 48|
|  5|                                                                   39                     | 49|
|  6|                                                                                  23      | 50|
|  7|                            34                21                         38               | 51|
|  8|                                                                                          | 52|
|  9|                                  42 28                                                   | 53|
| 10|                                                                25                        | 54|
| 11|    40                                        24                                          |   |
| 12|                               44                                                         |   |
| 13|                                                                                          |   |
| 14|          36                                                                              |   |
| 15|                                                                                          |   |
| 16|                                  31 33                                                   |   |
| 17|                                        35                                                |   |
| 18|                                                                                          |   |
| 19|                                              41                                          |   |
| 20|                                                                                          |   |
|   |                                                                         22               |   |
|   |          26                                                                              |   |
|   |                                                                                          |   |
|   |       43                                                                   37            |   |
|   | 29                                                                                       |   |
|   |                                     32                                                   |   |
|   |                                                                                          |   |
|   |                                                                                          |   |
|   |                                                                                          |   |
|   |                                                                                          |   |
----------------------------------------------------------------------------------------------------

|4|50.00|55.00|61.00|52|
|4|52.00|57.00|63.00|52|
|4|54.00|59.00|65.00|52|
|4|56.00|61.00|66.00|52|
|4|58.00|63.00|68.00|52|
----------------------------------------------------------------------------------------------------
|  1|                                                    30                                    | 45|
|  2|                                        27                                                | 46|
|  3|                                                                                          | 47|
|  4|                                                                                          | 48|
|  5|                                                                                  23      | 49|
|  6|                                                                   39                     | 50|
|  7|                         34                      21                   38                  | 51|
|  8|                                                                                          | 52|
|  9|                                     42 28                      25                        | 53|
| 10|                                              24                                          | 54|
| 11|       40                                                                                 |   |
| 12|                            44                                                            |   |
| 13|          36                                                                              |   |
| 14|                                                                                          |   |
| 15|                                                                                          |   |
| 16|                               31 33                                                      |   |
| 17|                                     35                                                   |   |
| 18|                                                                                          |   |
| 19|                                                 41                                       |   |
| 20|                                                                         22               |   |
|   |                                                                                          |   |
|   |       26                                                                                 |   |
|   |                                                                                          |   |
|   |    43                                                                         37         |   |
|   |    29                                                                                    |   |
|   |                                  32                                                      |   |
|   |                                                                                          |   |
|   |                                                                                          |   |
|   |                                                                                          |   |
|   |                                                                                          |   |
----------------------------------------------------------------------------------------------------

|4|60.00|65.00|70.00|52|
|4|62.00|67.00|72.00|52|
|4|64.00|69.00|74.00|52|
|4|66.00|71.00|76.00|52|
|4|68.00|73.00|78.00|52|
----------------------------------------------------------------------------------------------------
|  1|                                                                                          | 45|
|  2|                                     27             30                                    | 46|
|  3|                                                                                          | 47|
|  4|                                                                                  23      | 48|
|  5|                                                                                          | 49|
|  6|                                                                                          | 50|
|  7|                      34                            21             38                     | 51|
|  8|                                                                25 39                     | 52|
|  9|                                        42 28 24                                          | 53|
| 10|                                                                                          | 54|
| 11|          40                                                                              |   |
| 12|          36             44                                                               |   |
| 13|                                                                                          |   |
| 14|                                                                                          |   |
| 15|                                                                                          |   |
| 16|                            31 33                                                         |   |
| 17|                                  35                                                      |   |
| 18|                                                                                          |   |
| 19|                                                    41                   22               |   |
| 20|                                                                                          |   |
|   |                                                                                          |   |
|   |    26                                                                                    |   |
|   |                                                                                          |   |
|   | 43                                                                               37      |   |
|   |       29                                                                                 |   |
|   |                               32                                                         |   |
|   |                                                                                          |   |
|   |                                                                                          |   |
|   |                                                                                          |   |
|   |                                                                                          |   |
----------------------------------------------------------------------------------------------------

|4|70.00|75.00|80.00|52|
|4|72.00|77.00|82.00|52|
|4|74.00|79.00|84.00|52|
|4|76.00|81.00|86.00|52|
|4|78.00|83.00|88.00|52|
----------------------------------------------------------------------------------------------------
|  1|                                                                                          | 45|
|  2|                                  27                                                      | 46|
|  3|                                                    30                            23      | 47|
|  4|                                                                                          | 48|
|  5|                                                                                          | 49|
|  6|                                                                                          | 50|
|  7|                   34                                  21    38 25                        | 51|
|  8|                                              24                                          | 52|
|  9|                                           42 28                   39                     | 53|
| 10|          36                                                                              | 54|
| 11|             40                                                                           |   |
| 12|                      44                                                                  |   |
| 13|                                                                                          |   |
| 14|                                                                                          |   |
| 15|                                                                                          |   |
| 16|                         31 33                                                            |   |
| 17|                               35                                                         |   |
| 18|                                                                         22               |   |
| 19|                                                       41                                 |   |
| 20|                                                                                          |   |
|   |                                                                                          |   |
|   | 26                                                                                       |   |
|   |                                                                                          |   |
|   |    43                                                                               37   |   |
|   |          29                                                                              |   |
|   |                            32                                                            |   |
|   |                                                                                          |   |
|   |                                                                                          |   |
|   |                                                                                          |   |
|   |                                                                                          |   |
----------------------------------------------------------------------------------------------------

|4|80.00|85.00|90.00|52|
|4|82.00|87.00|92.00|52|
|4|84.00|89.00|94.00|52|
|4|86.00|91.00|96.00|52|
|4|88.00|93.00|98.00|52|
----------------------------------------------------------------------------------------------------
|  1|                                                                                          | 45|
|  2|                               27                                                 23      | 46|
|  3|                                                                                          | 47|
|  4|                                                    30                                    | 48|
|  5|                                                                                          | 49|
|  6|                                                                25                        | 50|
|  7|                34                            24       38 21                              | 51|
|  8|                                                                                          | 52|
|  9|          36                                  42 28                                       | 53|
| 10|                                                                   39                     | 54|
| 11|                40                                                                        |   |
| 12|                   44                                                                     |   |
| 13|                                                                                          |   |
| 14|                                                                                          |   |
| 15|                                                                                          |   |
| 16|                      31 33                                                               |   |
| 17|                            35                                           22               |   |
| 18|                                                                                          |   |
| 19|                                                          41                              |   |
| 20|                                                                                          |   |
|   |                                                                                          |   |
|   |    26                                                                                    |   |
|   |                                                                                          |   |
|   |       43                                                                               37|   |
|   |             29                                                                           |   |
|   |                         32                                                               |   |
|   |                                                                                          |   |
|   |                                                                                          |   |
|   |                                                                                          |   |
|   |                                                                                          |   |
----------------------------------------------------------------------------------------------------

|4|90.00|95.00|100.00|52|
|4|92.00|97.00|102.00|52|
|4|94.00|99.00|104.00|52|
|4|96.00|101.00|106.00|52|
|4|98.00|103.00|108.00|52|
----------------------------------------------------------------------------------------------------
|  1|                                                                                  23      | 45|
|  2|                            27                                                            | 46|
|  3|                                                                                          | 47|
|  4|                                                                                          | 48|
|  5|                                                    30          25                        | 49|
|  6|                                              24                                          | 50|
|  7|             34                                     38       21                           | 51|
|  8|          36                                                                              | 52|
|  9|                                                 42 28                                    | 53|
| 10|                                                                                          | 54|
| 11|                   40                                              39                     |   |
| 12|                44                                                                        |   |
| 13|                                                                                          |   |
| 14|                                                                                          |   |
| 15|                                                                                          |   |
| 16|                   31 33                                                 22               |   |
| 17|                         35                                                               |   |
| 18|                                                                                          |   |
| 19|                                                             41                           |   |
| 20|                                                                                          |   |
|   |                                                                                          |   |
|   |       26                                                                                 |   |
|   |                                                                                          |   |
|   |          43                                                                         37   |   |
|   |                29                                                                        |   |
|   |                      32                                                                  |   |
|   |                                                                                          |   |
|   |                                                                                          |   |
|   |                                                                                          |   |
|   |                                                                                          |   |
----------------------------------------------------------------------------------------------------

|4|100.00|105.00|110.00|52|
|4|102.00|107.00|112.00|52|
|4|104.00|109.00|114.00|52|
|4|106.00|111.00|116.00|52|
|4|108.00|113.00|118.00|52|
----------------------------------------------------------------------------------------------------
|  1|                                                                                          | 45|
|  2|                         27                                                       23      | 46|
|  3|                                                                                          | 47|
|  4|                                                                25                        | 48|
|  5|                                              24                                          | 49|
|  6|          36                                        30                                    | 50|
|  7|          34                                     38             21                        | 51|
|  8|                                                                                          | 52|
|  9|                                                    42 28                                 | 53|
| 10|                                                                                          | 54|
| 11|                      40                                                                  |   |
| 12|             44                                                    39                     |   |
| 13|                                                                                          |   |
| 14|                                                                                          |   |
| 15|                                                                         22               |   |
| 16|                31 33                                                                     |   |
| 17|                      35                                                                  |   |
| 18|                                                                                          |   |
| 19|                                                                41                        |   |
| 20|                                                                                          |   |
|   |                                                                                          |   |
|   |          26                                                                              |   |
|   |                                                                                          |   |
|   |             43                                                                   37      |   |
|   |                   29                                                                     |   |
|   |                   32                                                                     |   |
|   |                                                                                          |   |
|   |                                                                                          |   |
|   |                                                                                          |   |
|   |                                                                                          |   |
----------------------------------------------------------------------------------------------------

|4|110.00|115.00|120.00|52|
|4|112.00|117.00|122.00|52|
|4|114.00|119.00|124.00|52|
|4|116.00|121.00|126.00|52|
|4|118.00|123.00|128.00|52|
----------------------------------------------------------------------------------------------------
|  1|                                                                                          | 45|
|  2|                      27                                                                  | 46|
|  3|                                                                25                23      | 47|
|  4|                                              24                                          | 48|
|  5|          36                                                                              | 49|
|  6|                                                                                          | 50|
|  7|       34                                     38    30             21                     | 51|
|  8|                                                                                          | 52|
|  9|                                                       42 28                              | 53|
| 10|                                                                                          | 54|
| 11|                         40                                                               |   |
| 12|          44                                                                              |   |
| 13|                                                                   39                     |   |
| 14|                                                                         22               |   |
| 15|                                                                                          |   |
| 16|             31 33                                                                        |   |
| 17|                   35                                                                     |   |
| 18|                                                                                          |   |
| 19|                                                                   41                     |   |
| 20|                                                                                          |   |
|   |                                                                                          |   |
|   |             26                                                                           |   |
|   |                                                                                          |   |
|   |                43                                                             37         |   |
|   |                      29                                                                  |   |
|   |                32                                                                        |   |
|   |                                                                                          |   |
|   |                                                                                          |   |
|   |                                                                                          |   |
|   |                                                                                          |   |
----------------------------------------------------------------------------------------------------

|4|120.00|125.00|130.00|52|
|4|122.00|127.00|132.00|52|
|4|124.00|129.00|134.00|52|
|4|126.00|131.00|136.00|52|
|4|128.00|133.00|138.00|52|
----------------------------------------------------------------------------------------------------
|  1|                                                                                          | 45|
|  2|                   27                                           25                        | 46|
|  3|                                              24                                          | 47|
|  4|          36                                                                      23      | 48|
|  5|                                                                                          | 49|
|  6|                                                                                          | 50|
|  7|    34                                     38                         21                  | 51|
|  8|                                                    30                                    | 52|
|  9|                                                          42 28                           | 53|
| 10|                                                                                          | 54|
| 11|                            40                                                            |   |
| 12|       44                                                                                 |   |
| 13|                                                                         22               |   |
| 14|                                                                   39                     |   |
| 15|                                                                                          |   |
| 16|          31 33                                                                           |   |
| 17|                35                                                                        |   |
| 18|                                                                                          |   |
| 19|                                                                      41                  |   |
| 20|                                                                                          |   |
|   |                                                                                          |   |
|   |                26                                                                        |   |
|   |                                                                                          |   |
|   |                   43                                                       37            |   |
|   |                         29                                                               |   |
|   |             32                                                                           |   |
|   |                                                                                          |   |
|   |                                                                                          |   |
|   |                                                                                          |   |
|   |                                                                                          |   |
----------------------------------------------------------------------------------------------------

|4|130.00|135.00|140.00|52|
|4|132.00|137.00|142.00|52|
|4|134.00|139.00|144.00|52|
|4|135.00|140.00|145.00|52|
|4|137.00|142.00|147.00|52|
|4|139.00|144.00|149.00|52|
----------------------------------------------------------------------------------------------------
|  1|                                                                25                        | 45|
|  2|                27                            24                                          | 46|
|  3|          36                                                                              | 47|
|  4|                                                                                          | 48|
|  5|                                                                                  23      | 49|
|  6|                                                                                          | 50|
|  7| 34                                     38                               21               | 51|
|  8|                                                                                          | 52|
|  9|                                                    30       42 28                        | 53|
| 10|                                                                                          | 54|
| 11|                               40                                                         |   |
| 12|    44                                                                   22               |   |
| 13|                                                                                          |   |
| 14|                                                                                          |   |
| 15|                                                                   39                     |   |
| 16|       31 33                                                                              |   |
| 17|             35                                                                           |   |
| 18|                                                                                          |   |
| 19|                                                                         41               |   |
| 20|                                                                                          |   |
|   |                                                                                          |   |
|   |                   26                                                                     |   |
|   |                                                                                          |   |
|   |                      43                                                 37               |   |
|   |                            29                                                            |   |
|   |          32                                                                              |   |
|   |                                                                                          |   |
|   |                                                                                          |   |
|   |                                                                                          |   |
|   |                                                                                          |   |
----------------------------------------------------------------------------------------------------

|4|141.00|146.00|151.00|52|
|4|143.00|148.00|153.00|52|
|4|146.00|151.00|156.00|52|
|4|148.00|153.00|158.00|52|
----------------------------------------------------------------------------------------------------
|  1|                                              24                                          | 45|
|  2|          36 27                                                 25                        | 46|
|  3|                                                                                          | 47|
|  4|                                                                                          | 48|
|  5|                                                                                          | 49|
|  6|                                                                                  23      | 50|
|  7|    34                               38                                     21            | 51|
|  8|                                                                                          | 52|
|  9|                                                                42 28                     | 53|
| 10|                                                    30                                    | 54|
| 11|                                  40                                     22               |   |
| 12| 44                                                                                       |   |
| 13|                                                                                          |   |
| 14|                                                                                          |   |
| 15|                                                                                          |   |
| 16|    31 33                                                          39                     |   |
| 17|          35                                                                              |   |
| 18|                                                                                          |   |
| 19|                                                                            41            |   |
| 20|                                                                                          |   |
|   |                                                                                          |   |
|   |                      26                                                                  |   |
|   |                                                                                          |   |
|   |                         43                                           37                  |   |
|   |                               29                                                         |   |
|   |       32                                                                                 |   |
|   |                                                                                          |   |
|   |                                                                                          |   |
|   |                                                                                          |   |
|   |                                                                                          |   |
----------------------------------------------------------------------------------------------------

|4|150.00|155.00|160.00|52|
|4|152.00|157.00|162.00|52|
|4|154.00|159.00|164.00|52|
|4|156.00|161.00|166.00|52|
|4|158.00|163.00|168.00|52|
----------------------------------------------------------------------------------------------------
|  1|          36                                                                              | 45|
|  2|       27                                     24                                          | 46|
|  3|                                                                25                        | 47|
|  4|                                                                                          | 48|
|  5|                                                                                          | 49|
|  6|                                                                                          | 50|
|  7|       34                         38                                           21 23      | 51|
|  8|                                                                                          | 52|
|  9|                                                                   42 28                  | 53|
| 10|                                                                         22               | 54|
| 11|                                     40             30                                    |   |
| 12|    44                                                                                    |   |
| 13|                                                                                          |   |
| 14|                                                                                          |   |
| 15|                                                                                          |   |
| 16| 31 33                                                                                    |   |
| 17|       35                                                          39                     |   |
| 18|                                                                                          |   |
| 19|                                                                               41         |   |
| 20|                                                                                          |   |
|   |                                                                                          |   |
|   |                         26                                                               |   |
|   |                                                                                          |   |
|   |                            43                                     37                     |   |
|   |                                  29                                                      |   |
|   |    32                                                                                    |   |
|   |                                                                                          |   |
|   |                                                                                          |   |
|   |                                                                                          |   |
|   |                                                                                          |   |
----------------------------------------------------------------------------------------------------

|4|160.00|165.00|170.00|52|
|4|162.00|167.00|172.00|52|
|4|164.00|169.00|174.00|52|
|4|166.00|171.00|176.00|52|
|4|168.00|173.00|178.00|52|
----------------------------------------------------------------------------------------------------
|  1|                                                                                          | 45|
|  2|    27    36                                                                              | 46|
|  3|                                              24                                          | 47|
|  4|                                                                25                        | 48|
|  5|                                                                                          | 49|
|  6|                                                                                          | 50|
|  7|          34                   38                                                    21   | 51|
|  8|                                                                                  23      | 52|
|  9|                                                                      42 22 28            | 53|
| 10|                                                                                          | 54|
| 11|                                        40                                                |   |
| 12|       44                                           30                                    |   |
| 13|                                                                                          |   |
| 14|                                                                                          |   |
| 15|                                                                                          |   |
| 16| 33    31                                                                                 |   |
| 17|    35                                                                                    |   |
| 18|                                                                   39                     |   |
| 19|                                                                                  41      |   |
| 20|                                                                                          |   |
|   |                                                                                          |   |
|   |                            26                                                            |   |
|   |                                                                                          |   |
|   |                               43                               37                        |   |
|   |                                     29                                                   |   |
|   | 32                                                                                       |   |
|   |                                                                                          |   |
|   |                                                                                          |   |
|   |                                                                                          |   |
|   |                                                                                          |   |
----------------------------------------------------------------------------------------------------

|4|170.00|175.00|180.00|52|
|4|172.00|177.00|182.00|52|
|4|174.00|179.00|184.00|52|
|4|176.00|181.00|186.00|52|
|4|178.00|183.00|188.00|52|
----------------------------------------------------------------------------------------------------
|  1|                                                                                          | 45|
|  2| 27                                                                                       | 46|
|  3|          36                                                                              | 47|
|  4|                                              24                                          | 48|
|  5|                                                                25                        | 49|
|  6|                                                                                          | 50|
|  7|             34             38                                                          21| 51|
|  8|                                                                         22               | 52|
|  9|                                                                         42    28 23      | 53|
| 10|                                                                                          | 54|
| 11|                                           40                                             |   |
| 12|          44                                                                              |   |
| 13|                                                    30                                    |   |
| 14|                                                                                          |   |
| 15|                                                                                          |   |
| 16|    33    31                                                                              |   |
| 17| 35                                                                                       |   |
| 18|                                                                                          |   |
| 19|                                                                   39                41   |   |
| 20|                                                                                          |   |
|   |                                                                                          |   |
|   |                               26                                                         |   |
|   |                                                                                          |   |
|   |                                  43                         37                           |   |
|   |                                        29                                                |   |
|   |    32                                                                                    |   |
|   |                                                                                          |   |
|   |                                                                                          |   |
|   |                                                                                          |   |
|   |                                                                                          |   |
----------------------------------------------------------------------------------------------------

|4|180.00|185.00|190.00|52|
|4|182.00|187.00|192.00|52|
|4|184.00|189.00|194.00|52|
|4|186.00|191.00|197.00|52|
|4|188.00|193.00|199.00|52|
----------------------------------------------------------------------------------------------------
|  1|                                                                                          | 45|
|  2|    27                                                                                    | 46|
|  3|                                                                                          | 47|
|  4|          36                                                                              | 48|
|  5|                                              24                                          | 49|
|  6|                                                                25                        | 50|
|  7|                34       38                                              22          21   | 51|
|  8|                                                                                          | 52|
|  9|                                                                            42    28      | 53|
| 10|                                                                                  23      | 54|
| 11|                                              40                                          |   |
| 12|             44                                                                           |   |
| 13|                                                                                          |   |
| 14|                                                    30                                    |   |
| 15|                                                                                          |   |
| 16|       33    31                                                                           |   |
| 17|    35                                                                                    |   |
| 18|                                                                                          |   |
| 19|                                                                                        41|   |
| 20|                                                                   39                     |   |
|   |                                                                                          |   |
|   |                                  26                                                      |   |
|   |                                                                                          |   |
|   |                                     43                   37                              |   |
|   |                                           29                                             |   |
|   |       32                                                                                 |   |
|   |                                                                                          |   |
|   |                                                                                          |   |
|   |                                                                                          |   |
|   |                                                                                          |   |
----------------------------------------------------------------------------------------------------

|4|190.00|194.00|200.00|52|
|4|192.00|196.00|202.00|52|
|4|194.00|198.00|204.00|52|
|4|195.00|199.00|205.00|52|
|4|197.00|201.00|207.00|52|
|4|199.00|203.00|209.00|52|
----------------------------------------------------------------------------------------------------
|  1|                                                                                          | 45|
|  2|       27                                                                                 | 46|
|  3|                                                                                          | 47|
|  4|                                                                                          | 48|
|  5|          36                                                                              | 49|
|  6|                                              24                         22               | 50|
|  7|                   34 38                                        25                21      | 51|
|  8|                                                                                          | 52|
|  9|                                                                               42    28   | 53|
| 10|                                                                                          | 54|
| 11|                                                 40                               23      |   |
| 12|                44                                                                        |   |
| 13|                                                                                          |   |
| 14|                                                                                          |   |
| 15|                                                    30                                    |   |
| 16|          33    31                                                                        |   |
| 17|       35                                                                                 |   |
| 18|                                                                                          |   |
| 19|                                                                                     41   |   |
| 20|                                                                                          |   |
|   |                                                                   39                     |   |
|   |                                     26                                                   |   |
|   |                                                                                          |   |
|   |                                        43             37                                 |   |
|   |                                              29                                          |   |
|   |          32                                                                              |   |
|   |                                                                                          |   |
|   |                                                                                          |   |
|   |                                                                                          |   |
|   |                                                                                          |   |
----------------------------------------------------------------------------------------------------

|4|201.00|205.00|211.00|52|
|4|203.00|207.00|213.00|52|
|4|206.00|210.00|216.00|52|
|4|208.00|212.00|218.00|52|
----------------------------------------------------------------------------------------------------
|  1|                                                                                          | 45|
|  2|          27                                                                              | 46|
|  3|                                                                                          | 47|
|  4|                                                                                          | 48|
|  5|                                                                         22               | 49|
|  6|          36                                                                              | 50|
|  7|                   38    34                   24                               21         | 51|
|  8|                                                                25                        | 52|
|  9|                                                                                  42    28| 53|
| 10|                                                                                          | 54|
| 11|                                                    40                                    |   |
| 12|                   44                                                             23      |   |
| 13|                                                                                          |   |
| 14|                                                                                          |   |
| 15|                                                                                          |   |
| 16|             33    31                               30                                    |   |
| 17|          35                                                                              |   |
| 18|                                                                                          |   |
| 19|                                                                                  41      |   |
| 20|                                                                                          |   |
|   |                                                                                          |   |
|   |                                        26                         39                     |   |
|   |                                                                                          |   |
|   |                                           43       37                                    |   |
|   |                                                 29                                       |   |
|   |             32                                                                           |   |
|   |                                                                                          |   |
|   |                                                                                          |   |
|   |                                                                                          |   |
|   |                                                                                          |   |
----------------------------------------------------------------------------------------------------

|4|210.00|214.00|220.00|52|
|4|212.00|216.00|222.00|52|
|4|214.00|218.00|224.00|52|
|4|216.00|220.00|226.00|52|
|4|218.00|222.00|228.00|52|
----------------------------------------------------------------------------------------------------
|  1|                                                                                          | 45|
|  2|             27                                                                           | 46|
|  3|                                                                                          | 47|
|  4|                                                                         22               | 48|
|  5|                                                                                          | 49|
|  6|                                                                                          | 50|
|  7|          36    38          34                                              21            | 51|
|  8|                                              24                                          | 52|
|  9|                                                                25                   28 42| 53|
| 10|                                                                                          | 54|
| 11|                                                       40                                 |   |
| 12|                      44                                                                  |   |
| 13|                                                                                  23      |   |
| 14|                                                                                          |   |
| 15|                                                                                          |   |
| 16|                33    31                                                                  |   |
| 17|             35                                     30                                    |   |
| 18|                                                                                          |   |
| 19|                                                                               41         |   |
| 20|                                                                                          |   |
|   |                                                                                          |   |
|   |                                           26                                             |   |
|   |                                                                   39                     |   |
|   |                                              43 37                                       |   |
|   |                                                    29                                    |   |
|   |                32                                                                        |   |
|   |                                                                                          |   |
|   |                                                                                          |   |
|   |                                                                                          |   |
|   |                                                                                          |   |
----------------------------------------------------------------------------------------------------

|4|220.00|224.00|230.00|52|
|4|222.00|226.00|232.00|52|
|4|224.00|228.00|234.00|52|
|4|226.00|230.00|236.00|52|
|4|228.00|232.00|238.00|52|
----------------------------------------------------------------------------------------------------
|  1|                                                                                          | 45|
|  2|                27                                                                        | 46|
|  3|                                                                         22               | 47|
|  4|                                                                                          | 48|
|  5|                                                                                          | 49|
|  6|                                                                                          | 50|
|  7|             38                34                                        21               | 51|
|  8|          36                                                                              | 52|
|  9|                                              24                                  28 42   | 53|
| 10|                                                                25                        | 54|
| 11|                                                          40                              |   |
| 12|                         44                                                               |   |
| 13|                                                                                          |   |
| 14|                                                                                  23      |   |
| 15|                                                                                          |   |
| 16|                   33    31                                                               |   |
| 17|                35                                                                        |   |
| 18|                                                    30                                    |   |
| 19|                                                                            41            |   |
| 20|                                                                                          |   |
|   |                                                                                          |   |
|   |                                              26                                          |   |
|   |                                                                                          |   |
|   |                                           37    43                39                     |   |
|   |                                                       29                                 |   |
|   |                   32                                                                     |   |
|   |                                                                                          |   |
|   |                                                                                          |   |
|   |                                                                                          |   |
|   |                                                                                          |   |
----------------------------------------------------------------------------------------------------

|4|230.00|234.00|240.00|52|
|4|232.00|236.00|242.00|52|
|4|234.00|238.00|244.00|52|
|4|236.00|240.00|246.00|52|
|4|238.00|242.00|248.00|52|
----------------------------------------------------------------------------------------------------
|  1|                                                                                          | 45|
|  2|                   27                                                    22               | 46|
|  3|                                                                                          | 47|
|  4|                                                                                          | 48|
|  5|                                                                                          | 49|
|  6|                                                                                          | 50|
|  7|          38                      34                                  21                  | 51|
|  8|                                                                                          | 52|
|  9|          36                                                                   28 42      | 53|
| 10|                                              24                                          | 54|
| 11|                                                             40 25                        |   |
| 12|                            44                                                            |   |
| 13|                                                                                          |   |
| 14|                                                                                          |   |
| 15|                                                                                  23      |   |
| 16|                      33    31                                                            |   |
| 17|                   35                                                                     |   |
| 18|                                                                                          |   |
| 19|                                                    30                   41               |   |
| 20|                                                                                          |   |
|   |                                                                                          |   |
|   |                                                 26                                       |   |
|   |                                                                                          |   |
|   |                                        37          43                                    |   |
|   |                                                          29       39                     |   |
|   |                      32                                                                  |   |
|   |                                                                                          |   |
|   |                                                                                          |   |
|   |                                                                                          |   |
|   |                                                                                          |   |
----------------------------------------------------------------------------------------------------

|4|240.00|244.00|250.00|52|
